5538912796983
5538913457680
5538919800800
5538921886399
5538954344856
5538975327573
5538975333027
5538980234364
5538980486730
5538981314851
5538981362817
5538983027703
5538983642880
5538983966083
5538984016121
5538984022704
5538984037949
5538984062004
5538984081099
5538984089287
5538984090267
5538984091133
5538984111267
5538984116081
5538984127210
5538984160940
5538984163606
5538984165741
5538984165866
5538984173974
5538984178432
5538984182909
5538984186191
5538984190809
5538984191534
5538984251076
5538984259775
5538984267027
5538984270397
5538984278628
5538984317727
5538984332727