5538991027782
5538991032647
5538991045171
5538991045810
5538991082036
5538991084553
5538991097251
5538991097424
5538991157478
5538991160197
5538991160203
5538991172494
5538991172533
5538991180334
5538991186065
5538991187434
5538991198426
5538991201104
5538991201279
5538991203144
5538991214621
5538991215127
5538991243404
5538991246973
5538991259398
5538991259667
5538991269544
5538991276780
5538991284091
5538991289663
5538991314921
5538991315047
5538991338633
5538991342498
5538991357942
5538991358431
5538991373097
5538991385527
5538991389136
5538991389436
5538991400124
5538991402511